# Created by Octave 7.3.0, Sun Jan 08 22:07:44 2023 CET <marta@the-jungle>
# name: x_free
# type: matrix
# rows: 1001
# columns: 1
2.500000000000E+00
2.499999790996E+00
2.499996655944E+00
2.499983072245E+00
2.499946510935E+00
2.499869462682E+00
2.499729501888E+00
2.499499412419E+00
2.499147408614E+00
2.498637481630E+00
2.497929904665E+00
2.496981916475E+00
2.495748590665E+00
2.494183871302E+00
2.492241729685E+00
2.489877367669E+00
2.487048373445E+00
2.483715727817E+00
2.479844569557E+00
2.475404654464E+00
2.470370479896E+00
2.464721085615E+00
2.458439574699E+00
2.451512419345E+00
2.443928623921E+00
2.435678813719E+00
2.426754306465E+00
2.417146209132E+00
2.406844568710E+00
2.395837594457E+00
2.384110961961E+00
2.371647206028E+00
2.358425209585E+00
2.344419798544E+00
2.329601456882E+00
2.313936180925E+00
2.297385495512E+00
2.279906655837E+00
2.261453055714E+00
2.241974854238E+00
2.221419817735E+00
2.199734352938E+00
2.176864682964E+00
2.152758094197E+00
2.127364165187E+00
2.100635883835E+00
2.072530569727E+00
2.043010544471E+00
2.012043350694E+00
1.979598107473E+00
1.945660997670E+00
1.910209519593E+00
1.873241385148E+00
1.834744970976E+00
1.794716324983E+00
1.753161984993E+00
1.710085000435E+00
1.665496982182E+00
1.619407323770E+00
1.571827574569E+00
1.522765616818E+00
1.472224133226E+00
1.420196577828E+00
1.366663648888E+00
1.311589253456E+00
1.254916218456E+00
1.196561473431E+00
1.136410524381E+00
1.074311453958E+00
1.010070113031E+00
9.434517571446E-01
8.742012313870E-01
8.021006452459E-01
7.270719436104E-01
6.492824221688E-01
5.691667127343E-01
4.872972045016E-01
4.042428983589E-01
3.204678517980E-01
2.363392203884E-01
1.521108241419E-01
6.798741102964E-02
-1.586057001646E-02
-9.929107128866E-02
-1.821604465479E-01
-2.643187655185E-01
-3.456054481371E-01
-4.258510703836E-01
-5.048849484281E-01
-5.825457478593E-01
-6.586923027847E-01
-7.332119886302E-01
-8.060251003513E-01
-8.770851585098E-01
-9.463760480182E-01
-1.013907150892E+00
-1.079707439108E+00
-1.143819212176E+00
-1.206291900280E+00
-1.267176163180E+00
-1.326518386256E+00
-1.384355573548E+00
-1.440710551108E+00
-1.495587327505E+00
-1.548966427036E+00
-1.600800043839E+00
-1.651007023644E+00
-1.699468096536E+00
-1.746022670244E+00
-1.790470050777E+00
-1.832580078350E+00
-1.872119516296E+00
-1.908897453569E+00
-1.942821501758E+00
-1.973940410650E+00
-2.002445838881E+00
-2.028629539167E+00
-2.052820525204E+00
-2.075333193232E+00
-2.096438114442E+00
-2.116353148650E+00
-2.135246111770E+00
-2.153242055224E+00
-2.170431348376E+00
-2.186876950467E+00
-2.202620404531E+00
-2.217686608606E+00
-2.232087589761E+00
-2.245825523281E+00
-2.258895207527E+00
-2.271286157878E+00
-2.282984436215E+00
-2.293974289998E+00
-2.304239638109E+00
-2.313765410132E+00
-2.322538723147E+00
-2.330549867179E+00
-2.337793068408E+00
-2.344267007208E+00
-2.349975083074E+00
-2.354925434457E+00
-2.359130731961E+00
-2.362607779375E+00
-2.365377006289E+00
-2.367461840465E+00
-2.368888159299E+00
-2.369683381689E+00
-2.369876543948E+00
-2.369496013429E+00
-2.368572664583E+00
-2.367133707264E+00
-2.365206217369E+00
-2.362816512055E+00
-2.359989400493E+00
-2.356747997369E+00
-2.353113596617E+00
-2.349105601284E+00
-2.344741498254E+00
-2.340036866847E+00
-2.335005411482E+00
-2.329659008567E+00
-2.324007759212E+00
-2.318060039875E+00
-2.311822543957E+00
-2.305300307797E+00
-2.298496714804E+00
-2.291413471481E+00
-2.284050548930E+00
-2.276406082974E+00
-2.268476225534E+00
-2.260254939331E+00
-2.251733727538E+00
-2.242901290007E+00
-2.233743098557E+00
-2.224240886201E+00
-2.214372050216E+00
-2.204108978166E+00
-2.193418321280E+00
-2.182260263697E+00
-2.170587871071E+00
-2.158346649151E+00
-2.145474498905E+00
-2.131902308635E+00
-2.117555451775E+00
-2.102356424239E+00
-2.086228714738E+00
-2.069101732441E+00
-2.050916254081E+00
-2.031629335814E+00
-2.011215622275E+00
-1.989675846262E+00
-1.967033657575E+00
-1.943322588124E+00
-1.918596127292E+00
-1.892915630820E+00
-1.866340453343E+00
-1.838936207203E+00
-1.810758822868E+00
-1.781864877033E+00
-1.752298618157E+00
-1.722101780080E+00
-1.691304538242E+00
-1.659932495090E+00
-1.628000535250E+00
-1.595517475975E+00
-1.562482351046E+00
-1.528886379931E+00
-1.494711002370E+00
-1.459927985467E+00
-1.424498227038E+00
-1.388371138161E+00
-1.351484158349E+00
-1.313763427739E+00
-1.275127037571E+00
-1.235493567305E+00
-1.194799913020E+00
-1.153031616113E+00
-1.110260806169E+00
-1.066668326492E+00
-1.022513724872E+00
-9.780492365854E-01
-9.334349860086E-01
-8.886774911685E-01
-8.436744109442E-01
-7.982557577483E-01
-7.522292142017E-01
-7.054120662111E-01
-6.576502136648E-01
-6.088274056484E-01
-5.588677801389E-01
-5.077342503848E-01
-4.554243931443E-01
-4.019650521017E-01
-3.474065695981E-01
-2.918173272916E-01
-2.352795059447E-01
-1.778864509616E-01
-1.197422084263E-01
-6.096498161037E-02
-1.697264807301E-03
5.787066041962E-02
1.174240670063E-01
1.763568260288E-01
2.334036030020E-01
2.870003531737E-01
3.374856796036E-01
3.861641294883E-01
4.336932035294E-01
4.803070716000E-01
5.260790331664E-01
5.710141902888E-01
6.150891602086E-01
6.582606330814E-01
7.004782454563E-01
7.416879829095E-01
7.818413542927E-01
8.208960467505E-01
8.588235610532E-01
8.956132671785E-01
9.312771138323E-01
9.658536000832E-01
9.994100736740E-01
1.032042697400E+00
1.063872751985E+00
1.095037672603E+00
1.125674685319E+00
1.155894693013E+00
1.185745484078E+00
1.215169569558E+00
1.243976330389E+00
1.271857048058E+00
1.298486931345E+00
1.323621695798E+00
1.347179841856E+00
1.369210398705E+00
1.389842743349E+00
1.409235952297E+00
1.427548268609E+00
1.444923006121E+00
1.461484470829E+00
1.477338356299E+00
1.492573736715E+00
1.507265427919E+00
1.521476193059E+00
1.535258623565E+00
1.548656695404E+00
1.561707032646E+00
1.574439927168E+00
1.586880161406E+00
1.599047672385E+00
1.610958088265E+00
1.622623162068E+00
1.634051122221E+00
1.645246955873E+00
1.656212638462E+00
1.666947321535E+00
1.677447490286E+00
1.687707102457E+00
1.697717721272E+00
1.707468656519E+00
1.716947129990E+00
1.726138483299E+00
1.735026447934E+00
1.743593496863E+00
1.751821295909E+00
1.759691264868E+00
1.767185252236E+00
1.774286302749E+00
1.780979493673E+00
1.787252751235E+00
1.793097626317E+00
1.798509839734E+00
1.803489740044E+00
1.808042239427E+00
1.812176852174E+00
1.815906903497E+00
1.819249300681E+00
1.822223248663E+00
1.824849980723E+00
1.827151450555E+00
1.829150097360E+00
1.830867950477E+00
1.832326361209E+00
1.833545762343E+00
1.834545272232E+00
1.835342768329E+00
1.835954837519E+00
1.836396788493E+00
1.836682711065E+00
1.836825555143E+00
1.836837222581E+00
1.836728661155E+00
1.836509957114E+00
1.836190420948E+00
1.835778664748E+00
1.835282668925E+00
1.834709837697E+00
1.834067042611E+00
1.833360653986E+00
1.832596560123E+00
1.831780174301E+00
1.830916429548E+00
1.830009761159E+00
1.829064076891E+00
1.828082714694E+00
1.827068387790E+00
1.826023116843E+00
1.824948148896E+00
1.823843862708E+00
1.822709660024E+00
1.821543842271E+00
1.820343471996E+00
1.819104218224E+00
1.817820184603E+00
1.816483718807E+00
1.815085201028E+00
1.813612808521E+00
1.812052251864E+00
1.810386476889E+00
1.808595323762E+00
1.806655131465E+00
1.804538271463E+00
1.802212588359E+00
1.799640717271E+00
1.796779236602E+00
1.793577599765E+00
1.789976768320E+00
1.785907439265E+00
1.781287716715E+00
1.776020043802E+00
1.769988845966E+00
1.763050527041E+00
1.755028644353E+00
1.745704399795E+00
1.734797241956E+00
1.721946326570E+00
1.706678551935E+00
1.688367154757E+00
1.666183395845E+00
1.639059540548E+00
1.605728148164E+00
1.565006101547E+00
1.516428875620E+00
1.460822972683E+00
1.399962619172E+00
1.335592089284E+00
1.268892272982E+00
1.200507618072E+00
1.130755617579E+00
1.059788110609E+00
9.876934919864E-01
9.145494741103E-01
8.404495601675E-01
7.655326846337E-01
6.900011535179E-01
6.141434515282E-01
5.383538222515E-01
4.631317950390E-01
3.890410254415E-01
3.166225488914E-01
2.462958761743E-01
1.782865991689E-01
1.126229084110E-01
4.919753228538E-02
-1.218268530965E-02
-7.175143566879E-02
-1.297594003930E-01
-1.864607368386E-01
-2.421057874483E-01
-2.969360799403E-01
-3.511795354497E-01
-4.050455752556E-01
-4.587204394765E-01
-5.123634372173E-01
-5.661049320600E-01
-6.200464199589E-01
-6.742625075891E-01
-7.288042210974E-01
-7.837029264072E-01
-8.389742257484E-01
-8.946214064680E-01
-9.506382389777E-01
-1.007011087549E+00
-1.063720394519E+00
-1.120741636425E+00
-1.178045849204E+00
-1.235599795681E+00
-1.293365812728E+00
-1.351301331915E+00
-1.409358014771E+00
-1.467480373817E+00
-1.525603647909E+00
-1.583650541513E+00
-1.641526180511E+00
-1.699110178777E+00
-1.756243845253E+00
-1.812708912264E+00
-1.868190978830E+00
-1.922214810232E+00
-1.974028582178E+00
-2.022407081191E+00
-2.065399584132E+00
-2.100344410111E+00
-2.124877131589E+00
-2.138870260801E+00
-2.144402859908E+00
-2.143976896173E+00
-2.139501180112E+00
-2.132226328257E+00
-2.122966252057E+00
-2.112246829975E+00
-2.100424878586E+00
-2.087748839606E+00
-2.074396548305E+00
-2.060498603678E+00
-2.046153314806E+00
-2.031436286089E+00
-2.016406875285E+00
-2.001112653455E+00
-1.985592548174E+00
-1.969879120759E+00
-1.954000256008E+00
-1.937980443639E+00
-1.921841773182E+00
-1.905604722781E+00
-1.889288797505E+00
-1.872913054789E+00
-1.856496543298E+00
-1.840058673005E+00
-1.823619529212E+00
-1.807200139147E+00
-1.790822697836E+00
-1.774510757863E+00
-1.758289387244E+00
-1.742185297953E+00
-1.726226947857E+00
-1.710444616248E+00
-1.694870453687E+00
-1.679538502155E+00
-1.664484683207E+00
-1.649746742855E+00
-1.635364148315E+00
-1.621377912833E+00
-1.607830347184E+00
-1.594764688994E+00
-1.582224636967E+00
-1.570253674516E+00
-1.558894331240E+00
-1.548187042679E+00
-1.538169213882E+00
-1.528873344361E+00
-1.520326370090E+00
-1.512546539417E+00
-1.505544168192E+00
-1.499316802221E+00
-1.493852278204E+00
-1.489123503770E+00
-1.485093168419E+00
-1.481711011802E+00
-1.478917512044E+00
-1.476646043406E+00
-1.474825641516E+00
-1.473384413601E+00
-1.472252650495E+00
-1.471365667701E+00
-1.470665897365E+00
-1.470104234900E+00
-1.469640549753E+00
-1.469243496856E+00
-1.468889760727E+00
-1.468562924055E+00
-1.468252122729E+00
-1.467950628571E+00
-1.467654457494E+00
-1.467361066520E+00
-1.467068171467E+00
-1.466772695654E+00
-1.466469845217E+00
-1.466152298473E+00
-1.465809492809E+00
-1.465426991487E+00
-1.464985913283E+00
-1.464462409126E+00
-1.463827171329E+00
-1.463044962195E+00
-1.462074149544E+00
-1.460866236779E+00
-1.459365374377E+00
-1.457507837998E+00
-1.455221455427E+00
-1.452424960270E+00
-1.449027244228E+00
-1.444926536393E+00
-1.440014242455E+00
-1.434161922792E+00
-1.427224826702E+00
-1.419049596282E+00
-1.409457777120E+00
-1.398247868632E+00
-1.385195495552E+00
-1.370044784186E+00
-1.352507125929E+00
-1.332258681747E+00
-1.308942837929E+00
-1.282180856613E+00
-1.251595877540E+00
-1.216854701453E+00
-1.177724980216E+00
-1.134133114113E+00
-1.086197418588E+00
-1.034215659113E+00
-9.786088097326E-01
-9.198450539838E-01
-8.583711343845E-01
-7.945648911182E-01
-7.287070112559E-01
-6.609649618549E-01
-5.913821566677E-01
-5.198767314146E-01
-4.463148397296E-01
-3.707177347521E-01
-2.938232216404E-01
-2.173039099744E-01
-1.425230270118E-01
-6.977697592204E-02
1.162237951995E-03
7.059030438068E-02
1.387402620916E-01
2.057827917569E-01
2.718398473015E-01
3.369997464888E-01
4.013286198587E-01
4.648762385564E-01
5.276813829529E-01
5.897749966223E-01
6.511821576437E-01
7.119235487878E-01
7.720162377837E-01
8.314740145717E-01
8.903073689911E-01
9.485231363301E-01
1.006123854981E+00
1.063106855580E+00
1.119463093193E+00
1.175175727082E+00
1.230218446907E+00
1.284553542320E+00
1.338129716045E+00
1.390879651512E+00
1.442717372757E+00
1.493535493440E+00
1.543202549380E+00
1.591560725400E+00
1.638424415928E+00
1.683580182910E+00
1.726788731632E+00
1.767789430530E+00
1.806307602555E+00
1.842064397387E+00
1.874788855130E+00
1.904232411153E+00
1.930188173219E+00
1.952520397988E+00
1.971209369924E+00
1.986414533324E+00
1.998508402671E+00
2.008049827956E+00
2.015676913766E+00
2.021970005276E+00
2.027385572502E+00
2.032228956339E+00
2.036695772133E+00
2.040901583230E+00
2.044908743660E+00
2.048746383531E+00
2.052422461850E+00
2.055931418732E+00
2.059258620863E+00
2.062382875137E+00
2.065277778652E+00
2.067912348633E+00
2.070251225220E+00
2.072254640598E+00
2.073878288638E+00
2.075073213990E+00
2.075785840892E+00
2.075958281700E+00
2.075529091901E+00
2.074434660374E+00
2.072611417526E+00
2.069998977530E+00
2.066544169860E+00
2.062205647877E+00
2.056958435275E+00
2.050797512568E+00
2.043739527904E+00
2.035822036212E+00
2.027100268680E+00
2.017642244289E+00
2.007523248632E+00
1.996820640839E+00
1.985609830672E+00
1.973961480414E+00
1.961939968459E+00
1.949602741955E+00
1.937000347883E+00
1.924176805380E+00
1.911170167679E+00
1.898013090095E+00
1.884733344462E+00
1.871354194530E+00
1.857894618499E+00
1.844369329782E+00
1.830788590930E+00
1.817157778674E+00
1.803476690142E+00
1.789738555752E+00
1.775928756703E+00
1.762023260290E+00
1.747986853585E+00
1.733771360897E+00
1.719314193054E+00
1.704537791857E+00
1.689350724799E+00
1.673651219288E+00
1.657333582679E+00
1.640297112328E+00
1.622455949991E+00
1.603747497233E+00
1.584137166808E+00
1.563618468013E+00
1.542208911093E+00
1.519943796032E+00
1.496869487510E+00
1.473037383341E+00
1.448499439256E+00
1.423304964871E+00
1.397498736017E+00
1.371119829138E+00
1.344201186078E+00
1.316769371187E+00
1.288844763302E+00
1.260441562094E+00
1.231568553089E+00
1.202228890588E+00
1.172421552856E+00
1.142140481125E+00
1.111376865847E+00
1.080117857267E+00
1.048349213901E+00
1.016054222862E+00
9.832160180684E-01
9.498171237950E-01
9.158410912481E-01
8.812725638444E-01
8.460982383604E-01
8.103070690041E-01
7.738906518923E-01
7.368432065044E-01
6.991614111824E-01
6.608439120849E-01
6.218905199629E-01
5.823009827809E-01
5.420731934400E-01
5.012005452160E-01
4.596678862729E-01
4.174449697036E-01
3.744748471885E-01
3.306516708031E-01
2.857810764636E-01
2.394920516500E-01
1.911906474376E-01
1.407260606897E-01
8.943112420914E-02
3.839248701372E-02
-1.215326383404E-02
-6.219899806225E-02
-1.117586891228E-01
-1.608386365907E-01
-2.094369816663E-01
-2.575431579769E-01
-3.051440524859E-01
-3.522232841706E-01
-3.987668192765E-01
-4.447575182285E-01
-4.901801333681E-01
-5.350242133953E-01
-5.792776516696E-01
-6.229309034519E-01
-6.659787298239E-01
-7.084141527096E-01
-7.502323490377E-01
-7.914276658228E-01
-8.319928052031E-01
-8.719178878015E-01
-9.111885357388E-01
-9.497844992895E-01
-9.876776688669E-01
-1.024830282884E+00
-1.061192764314E+00
-1.096701720163E+00
-1.131277865673E+00
-1.164824624238E+00
-1.197227751333E+00
-1.228357436690E+00
-1.258074447353E+00
-1.286242588159E+00
-1.312748803030E+00
-1.337529420730E+00
-1.360595788192E+00
-1.382048209324E+00
-1.402068463335E+00
-1.420892647587E+00
-1.438776189187E+00
-1.455962435904E+00
-1.472663913505E+00
-1.489054804327E+00
-1.505271355077E+00
-1.521416258491E+00
-1.537564311746E+00
-1.553767922673E+00
-1.570061873241E+00
-1.586467198692E+00
-1.602994241487E+00
-1.619645005065E+00
-1.636414937984E+00
-1.653294262112E+00
-1.670268935325E+00
-1.687321317209E+00
-1.704430587710E+00
-1.721572953901E+00
-1.738721668865E+00
-1.755846879005E+00
-1.772915312247E+00
-1.789889820497E+00
-1.806728796989E+00
-1.823385505234E+00
-1.839807384024E+00
-1.855935435357E+00
-1.871703859538E+00
-1.887040167844E+00
-1.901866058835E+00
-1.916099352392E+00
-1.929657184388E+00
-1.942460430913E+00
-1.954438963823E+00
-1.965536944484E+00
-1.975717125561E+00
-1.984963208008E+00
-1.993279768168E+00
-2.000690001376E+00
-2.007231942683E+00
-2.012954071449E+00
-2.017911090260E+00
-2.022160365036E+00
-2.025759221633E+00
-2.028763088729E+00
-2.031224359104E+00
-2.033191805465E+00
-2.034710390238E+00
-2.035821334606E+00
-2.036562338302E+00
-2.036967862949E+00
-2.037069401386E+00
-2.036895651382E+00
-2.036472490012E+00
-2.035822597721E+00
-2.034964496405E+00
-2.033910623190E+00
-2.032663832551E+00
-2.031211376420E+00
-2.029514974606E+00
-2.027495275436E+00
-2.025009620458E+00
-2.021825531846E+00
-2.017601366022E+00
-2.011898352885E+00
-2.004247305834E+00
-1.994228480863E+00
-1.981580190861E+00
-1.966177429133E+00
-1.948011339596E+00
-1.927124688399E+00
-1.903590858237E+00
-1.877494504276E+00
-1.848933495998E+00
-1.818018097533E+00
-1.784874182573E+00
-1.749642916201E+00
-1.712477982045E+00
-1.673540756046E+00
-1.632994315410E+00
-1.590997447459E+00
-1.547699479855E+00
-1.503236423447E+00
-1.457728578748E+00
-1.411279460654E+00
-1.363975779493E+00
-1.315888181500E+00
-1.267072481828E+00
-1.217571181905E+00
-1.167415113331E+00
-1.116625092149E+00
-1.065213506090E+00
-1.013185787979E+00
-9.605417461697E-01
-9.072767306080E-01
-8.533826150286E-01
-7.988485749039E-01
-7.436616385030E-01
-6.878069849298E-01
-6.312679576720E-01
-5.740257534398E-01
-5.160587311729E-01
-4.573412605778E-01
-3.978419860014E-01
-3.375213074961E-01
-2.763277571305E-01
-2.141927479469E-01
-1.510228665069E-01
-8.668849050579E-02
-2.100742325504E-02
4.627593928319E-02
1.155083947613E-01
1.870331775590E-01
2.608172962519E-01
3.357056216807E-01
4.098383946272E-01
4.821096193045E-01
5.523100144045E-01
6.205117540089E-01
6.867261838005E-01
7.508188196937E-01
8.124947330412E-01
8.713215112038E-01
9.267465109556E-01
9.781929233837E-01
1.025145270871E+00
1.067267043484E+00
1.104469612172E+00
1.136916636632E+00
1.164953984497E+00
1.189015510651E+00
1.209552504642E+00
1.226992303272E+00
1.241719487521E+00
1.254072136419E+00
1.264345278837E+00
1.272796830470E+00
1.279653571747E+00
1.285116510609E+00
1.289365317264E+00
1.292561799719E+00
1.294852610356E+00
1.296371344955E+00
1.297240168374E+00
1.297571094529E+00
1.297467016424E+00
1.297022557027E+00
1.296324794060E+00
1.295453896068E+00
1.294483695814E+00
1.293482218911E+00
1.292512179944E+00
1.291631454592E+00
1.290893533921E+00
1.290347965497E+00
1.290040784961E+00
1.290014940851E+00
1.290310714436E+00
1.290966135066E+00
1.292017389756E+00
1.293499223359E+00
1.295445322735E+00
1.297888674585E+00
1.300861882421E+00
1.304397423447E+00
1.308527821494E+00
1.313285708298E+00
1.318703743246E+00
1.324814362755E+00
1.331649335968E+00
1.339239115017E+00
1.347611986036E+00
1.356793051067E+00
1.366803098199E+00
1.377657443565E+00
1.389364848269E+00
1.401926620309E+00
1.415336002167E+00
1.429577918661E+00
1.444629120611E+00
1.460458715079E+00
1.477029030820E+00
1.494296735724E+00
1.512214106042E+00
1.530730345865E+00
1.549792866993E+00
1.569348459411E+00
1.589344305962E+00
1.609728817019E+00
1.630452279168E+00
1.651467325069E+00
1.672729240013E+00
1.694196124924E+00
1.715828936626E+00
1.737591425076E+00
1.759449984639E+00
1.781373432997E+00
1.803332727323E+00
1.825300623081E+00
1.847251276335E+00
1.869159785589E+00
1.891001663829E+00
1.912752225078E+00
1.934385861937E+00
1.955875180415E+00
1.977189944601E+00
1.998295764699E+00
2.019152434863E+00
2.039711788269E+00
2.059914879837E+00
2.079688223119E+00
2.098938683985E+00
2.117546452162E+00
2.135355251754E+00
2.152158602160E+00
2.167680541537E+00
2.181548998507E+00
2.193260700002E+00
2.202140216003E+00
2.207306990557E+00
2.207688568145E+00
2.202148109354E+00
2.189767889561E+00
2.170207109170E+00
2.143870426789E+00
2.111721424645E+00
2.074938190424E+00
2.034643022539E+00
1.991782366899E+00
1.947095830825E+00
1.901146593685E+00
1.854334892334E+00
1.806947615174E+00
1.759183536900E+00
1.711176289247E+00
1.663013548371E+00
1.614750218966E+00
1.566418292320E+00
1.518033844114E+00
1.469601972016E+00
1.421120329352E+00
1.372581703710E+00
1.323975922186E+00
1.275291294436E+00
1.226515730335E+00
1.177637617997E+00
1.128646516513E+00
1.079533695003E+00
1.030292535208E+00
