# Created by Octave 7.3.0, Sun Jan 08 22:07:44 2023 CET <marta@the-jungle>
# name: y_free
# type: matrix
# rows: 1001
# columns: 1
0.000000000000E+00
-4.810673168862E-04
-1.924269551410E-03
-4.329627044509E-03
-7.697198744539E-03
-1.202712519059E-02
-1.731969207542E-02
-2.357540022807E-02
-3.079505630276E-02
-3.897986686537E-02
-4.813153940864E-02
-5.825237648071E-02
-6.934535708389E-02
-8.141419288075E-02
-9.446335085674E-02
-1.084980347335E-01
-1.235241228432E-01
-1.395480650942E-01
-1.565767474241E-01
-1.746173361667E-01
-1.936771167161E-01
-2.137633401013E-01
-2.348830881347E-01
-2.570431635079E-01
-2.802500066700E-01
-3.045096373808E-01
-3.298276159569E-01
-3.562090175138E-01
-3.836584117647E-01
-4.121798408703E-01
-4.417767881277E-01
-4.724521307401E-01
-5.042080703709E-01
-5.370460356700E-01
-5.709665515060E-01
-6.059690704102E-01
-6.420517628901E-01
-6.792112649951E-01
-7.174423839303E-01
-7.567377656303E-01
-7.970875318298E-01
-8.384788978851E-01
-8.808957857650E-01
-9.243184485019E-01
-9.687231223865E-01
-1.014081721138E+00
-1.060361582715E+00
-1.107525275569E+00
-1.155530627034E+00
-1.204334152453E+00
-1.253876992507E+00
-1.304107974292E+00
-1.354957737751E+00
-1.406365393116E+00
-1.458263466599E+00
-1.510576129509E+00
-1.563231514172E+00
-1.616151479660E+00
-1.669260593531E+00
-1.722480663860E+00
-1.775732817096E+00
-1.828933897435E+00
-1.881993034711E+00
-1.934805300794E+00
-1.987243067694E+00
-2.039144091510E+00
-2.090295397096E+00
-2.140411496841E+00
-2.189105291421E+00
-2.235851302917E+00
-2.279946852010E+00
-2.320493440658E+00
-2.356450488475E+00
-2.386827921269E+00
-2.410995969290E+00
-2.428922447908E+00
-2.441121654660E+00
-2.448378255894E+00
-2.451481521921E+00
-2.451107251724E+00
-2.447762848705E+00
-2.441822329907E+00
-2.433543743548E+00
-2.423090318418E+00
-2.410560256797E+00
-2.396008358196E+00
-2.379468171284E+00
-2.360972463382E+00
-2.340570089446E+00
-2.318336973670E+00
-2.294380121182E+00
-2.268835348481E+00
-2.241860811392E+00
-2.213628775025E+00
-2.184317506837E+00
-2.154104285854E+00
-2.123159807603E+00
-2.091643866473E+00
-2.059702068716E+00
-2.027463334681E+00
-1.995037980474E+00
-1.962516185357E+00
-1.929966647767E+00
-1.897435219870E+00
-1.864943302766E+00
-1.832485800820E+00
-1.800028510311E+00
-1.767505040259E+00
-1.734813895215E+00
-1.701817397722E+00
-1.668345777216E+00
-1.634211365262E+00
-1.599237030253E+00
-1.563296316960E+00
-1.526350872870E+00
-1.488464433831E+00
-1.449784731919E+00
-1.410505468874E+00
-1.370828904245E+00
-1.330941064240E+00
-1.291000471581E+00
-1.251135986167E+00
-1.211449210916E+00
-1.172018544294E+00
-1.132903411856E+00
-1.094148078011E+00
-1.055784884988E+00
-1.017836956445E+00
-9.803204629546E-01
-9.432465523464E-01
-9.066230309583E-01
-8.704558566401E-01
-8.347504778350E-01
-7.995130281714E-01
-7.647513652457E-01
-7.304759279902E-01
-6.967003812867E-01
-6.634420201372E-01
-6.307219176847E-01
-5.985648180640E-01
-5.669987903676E-01
-5.360546685510E-01
-5.057653333645E-01
-4.761649712761E-01
-4.472882301262E-01
-4.191696173879E-01
-3.918423702426E-01
-3.653389726810E-01
-3.396881414803E-01
-3.149197774628E-01
-2.910567875113E-01
-2.681207052965E-01
-2.461310214888E-01
-2.251046108049E-01
-2.050558996002E-01
-1.859970757872E-01
-1.679383357796E-01
-1.508881467742E-01
-1.348535145108E-01
-1.198402456700E-01
-1.058531992091E-01
-9.289652237625E-02
-8.097386992859E-02
-7.008860645342E-02
-6.024399326723E-02
-5.144336235304E-02
-4.369028077582E-02
-3.698870979177E-02
-3.134316366309E-02
-2.675887397480E-02
-2.324196609752E-02
-2.079965531992E-02
-1.944047104038E-02
-1.917451810392E-02
-2.001378461687E-02
-2.197250486277E-02
-2.506758345915E-02
-2.931908137488E-02
-3.475075409168E-02
-4.139061480593E-02
-4.927146889673E-02
-5.843132892869E-02
-6.891357482867E-02
-8.076668136309E-02
-9.404331495623E-02
-1.087986343492E-01
-1.250877439678E-01
-1.429624505283E-01
-1.624676728463E-01
-1.836380167260E-01
-2.064967397191E-01
-2.310523607240E-01
-2.573007529576E-01
-2.852252757461E-01
-3.147992321060E-01
-3.459905411857E-01
-3.787595089033E-01
-4.130660841728E-01
-4.488649637553E-01
-4.861131149735E-01
-5.247631202885E-01
-5.647699866174E-01
-6.060839569756E-01
-6.486564722088E-01
-6.924328483227E-01
-7.373565781546E-01
-7.833628448550E-01
-8.303796123933E-01
-8.783221179509E-01
-9.270899473240E-01
-9.765604779240E-01
-1.026581117677E+00
-1.076958584312E+00
-1.127445527584E+00
-1.177726399967E+00
-1.227409485447E+00
-1.276041690784E+00
-1.323172387684E+00
-1.368480799078E+00
-1.411923979780E+00
-1.453800556495E+00
-1.494661693411E+00
-1.535149942025E+00
-1.575845759096E+00
-1.617197681120E+00
-1.659508929579E+00
-1.702953672972E+00
-1.747603473220E+00
-1.793453929605E+00
-1.840447182528E+00
-1.888489483645E+00
-1.937463992884E+00
-1.987238896310E+00
-2.037671073878E+00
-2.088605260218E+00
-2.139867422658E+00
-2.191250805113E+00
-2.242490340350E+00
-2.293214593737E+00
-2.342851787763E+00
-2.390431731149E+00
-2.434048466087E+00
-2.469530618535E+00
-2.487459649502E+00
-2.475681625630E+00
-2.438041618543E+00
-2.387407493221E+00
-2.330914206906E+00
-2.271620788787E+00
-2.210967567324E+00
-2.149741092415E+00
-2.088408796919E+00
-2.027297444711E+00
-1.966647047672E+00
-1.906657131113E+00
-1.847494157970E+00
-1.789316188059E+00
-1.732268305959E+00
-1.676486262010E+00
-1.622093799827E+00
-1.569194090951E+00
-1.517860319137E+00
-1.468120699950E+00
-1.419940325390E+00
-1.373199005834E+00
-1.327666709922E+00
-1.282980905086E+00
-1.238636836161E+00
-1.194012561637E+00
-1.148457033753E+00
-1.101450875339E+00
-1.052754374208E+00
-1.002485461339E+00
-9.509891712668E-01
-8.987088925233E-01
-8.460649765159E-01
-7.934072665406E-01
-7.410082077271E-01
-6.890752157178E-01
-6.377662740357E-01
-5.872028392394E-01
-5.374797493936E-01
-4.886724680813E-01
-4.408422524175E-01
-3.940398102087E-01
-3.483079603578E-01
-3.036835784081E-01
-2.601990390610E-01
-2.178833093705E-01
-1.767627894163E-01
-1.368619693491E-01
-9.820395010292E-02
-6.081085998787E-02
-2.470418914880E-02
1.009494395679E-02
4.356558568606E-02
7.568679644426E-02
1.064375564903E-01
1.357967324888E-01
1.637431119995E-01
1.902555158389E-01
2.153129995477E-01
2.388951554992E-01
2.609825239912E-01
2.815571166391E-01
3.006030434496E-01
3.181072230982E-01
3.340601319260E-01
3.484565356152E-01
3.612961136959E-01
3.725839108028E-01
3.823305209920E-01
3.905519722581E-01
3.972693252145E-01
4.025078763532E-01
4.062964418770E-01
4.086659205012E-01
4.096489311781E-01
4.092777541474E-01
4.075850223716E-01
4.046010223973E-01
4.003555911146E-01
3.948750856036E-01
3.881855257859E-01
3.803091808302E-01
3.712666830975E-01
3.610765866726E-01
3.497554896615E-01
3.373181300153E-01
3.237775523496E-01
3.091452377350E-01
2.934312435340E-01
2.766443216361E-01
2.587920284324E-01
2.398808179588E-01
2.199161228090E-01
1.989024213064E-01
1.768432933099E-01
1.537414652968E-01
1.295988465130E-01
1.044165574820E-01
7.819495251917E-02
5.093363777281E-02
2.263148646263E-02
-6.713346994043E-03
-3.710341216272E-02
-6.854194518386E-02
-1.010328467572E-01
-1.345806533815E-01
-1.691904995912E-01
-2.048680688228E-01
-2.416195304579E-01
-2.794514605244E-01
-3.183707435119E-01
-3.583844527576E-01
-3.994997068787E-01
-4.417234997512E-01
-4.850625015181E-01
-5.295228279983E-01
-5.751097755797E-01
-6.218275180936E-01
-6.696787611285E-01
-7.186643475199E-01
-7.687828050405E-01
-8.200298231796E-01
-8.723976396839E-01
-9.258743082701E-01
-9.804428051008E-01
-1.036079910813E+00
-1.092754811192E+00
-1.150429537661E+00
-1.209050442091E+00
-1.268549157373E+00
-1.328838803740E+00
-1.389801574693E+00
-1.451280799737E+00
-1.513061271453E+00
-1.574840297019E+00
-1.636184327288E+00
-1.696466644594E+00
-1.754806971605E+00
-1.810057113487E+00
-1.861097745558E+00
-1.907367524379E+00
-1.949178628992E+00
-1.987383677183E+00
-2.022859395275E+00
-2.056248702583E+00
-2.087928458255E+00
-2.118056110612E+00
-2.146616813796E+00
-2.173454816581E+00
-2.198293195831E+00
-2.220732860790E+00
-2.240258717420E+00
-2.256251186923E+00
-2.268027429893E+00
-2.274938284628E+00
-2.276522309964E+00
-2.272664134783E+00
-2.263669466793E+00
-2.250191942833E+00
-2.233036064702E+00
-2.213021661591E+00
-2.190858376610E+00
-2.167132672540E+00
-2.142304302765E+00
-2.116723388965E+00
-2.090650917037E+00
-2.064277923932E+00
-2.037742199294E+00
-2.011142609183E+00
-1.984551026117E+00
-1.958021806214E+00
-1.931598761229E+00
-1.905319732469E+00
-1.879219133334E+00
-1.853329014443E+00
-1.827679242446E+00
-1.802297286325E+00
-1.777207942000E+00
-1.752433165909E+00
-1.727992068126E+00
-1.703901042543E+00
-1.680173976382E+00
-1.656822469968E+00
-1.633855998707E+00
-1.611281954253E+00
-1.589105505646E+00
-1.567329219551E+00
-1.545952367911E+00
-1.524969825006E+00
-1.504370402038E+00
-1.484134365377E+00
-1.464229703496E+00
-1.444606381429E+00
-1.425187213786E+00
-1.405852850147E+00
-1.386416320148E+00
-1.366579542883E+00
-1.345863597222E+00
-1.323528785577E+00
-1.298609930887E+00
-1.270333193257E+00
-1.238789271890E+00
-1.204848270393E+00
-1.169489001237E+00
-1.133447323392E+00
-1.097208060994E+00
-1.061090677370E+00
-1.025305586021E+00
-9.899980792538E-01
-9.552707104473E-01
-9.211974635617E-01
-8.878326520417E-01
-8.552166431019E-01
-8.233796121189E-01
-7.923441231546E-01
-7.621269271353E-01
-7.327402406944E-01
-7.041926740903E-01
-6.764899121012E-01
-6.496352193227E-01
-6.236298191256E-01
-5.984731815468E-01
-5.741632459891E-01
-5.506965984067E-01
-5.280686179740E-01
-5.062736049586E-01
-4.853048987205E-01
-4.651549927143E-01
-4.458156514973E-01
-4.272780334604E-01
-4.095328218475E-01
-3.925703660183E-01
-3.763808344470E-01
-3.609543808627E-01
-3.462813250279E-01
-3.323523496329E-01
-3.191587152690E-01
-3.066924944917E-01
-2.949468272533E-01
-2.839161956566E-01
-2.735967210773E-01
-2.639864709566E-01
-2.550857863162E-01
-2.468975810722E-01
-2.394276756872E-01
-2.326849749171E-01
-2.266818206525E-01
-2.214337270281E-01
-2.169600434468E-01
-2.132823523556E-01
-2.104265798623E-01
-2.084182042875E-01
-2.072875503452E-01
-2.070603213264E-01
-2.077674053361E-01
-2.094332007327E-01
-2.120813569473E-01
-2.157326632957E-01
-2.204048243488E-01
-2.261124543733E-01
-2.328675903504E-01
-2.406803746412E-01
-2.495599244540E-01
-2.595152260219E-01
-2.705559784258E-01
-2.826933097996E-01
-2.959403328934E-01
-3.103125303835E-01
-3.258279825467E-01
-3.425074602490E-01
-3.603744101639E-01
-3.794548574348E-01
-3.997772467991E-01
-4.213722379594E-01
-4.442724660025E-01
-4.685122734013E-01
-4.941274167688E-01
-5.211547489967E-01
-5.496318755420E-01
-5.795967822468E-01
-6.110874310126E-01
-6.441413187629E-01
-6.787949942763E-01
-7.150835265284E-01
-7.530399169906E-01
-7.926944466952E-01
-8.340739464950E-01
-8.772009754227E-01
-9.220928867891E-01
-9.687607909894E-01
-1.017211310046E+00
-1.067438524875E+00
-1.119424218716E+00
-1.173143287658E+00
-1.228550741119E+00
-1.285581219823E+00
-1.344148288567E+00
-1.404133609794E+00
-1.465381443460E+00
-1.527688455953E+00
-1.590793235782E+00
-1.654366765797E+00
-1.718007885308E+00
-1.781251077293E+00
-1.843593815605E+00
-1.904544808006E+00
-1.963681906037E+00
-2.020697346429E+00
-2.075411227176E+00
-2.127750950256E+00
-2.177708662116E+00
-2.225289688882E+00
-2.270455634426E+00
-2.313051640580E+00
-2.352692207145E+00
-2.388555023977E+00
-2.418932642922E+00
-2.440679438037E+00
-2.449372478745E+00
-2.442529928229E+00
-2.422629163170E+00
-2.394137632673E+00
-2.360437512402E+00
-2.323555038512E+00
-2.284689307296E+00
-2.244574408471E+00
-2.203688629416E+00
-2.162359912257E+00
-2.120822040886E+00
-2.079250520263E+00
-2.037781054805E+00
-1.996522059281E+00
-1.955562618307E+00
-1.914977379049E+00
-1.874829895990E+00
-1.835174838919E+00
-1.796059471862E+00
-1.757524669033E+00
-1.719605628683E+00
-1.682332404332E+00
-1.645730338658E+00
-1.609820465043E+00
-1.574619930169E+00
-1.540142485528E+00
-1.506399095167E+00
-1.473398710149E+00
-1.441149264061E+00
-1.409658939488E+00
-1.378937732514E+00
-1.348999297613E+00
-1.319862974757E+00
-1.291555759821E+00
-1.264113765800E+00
-1.237582447504E+00
-1.212014572610E+00
-1.187464698624E+00
-1.163978859765E+00
-1.141578417873E+00
-1.120237954840E+00
-1.099859806385E+00
-1.080255264445E+00
-1.061145507155E+00
-1.042215195794E+00
-1.023202448063E+00
-1.003977334316E+00
-9.845612147266E-01
-9.650777783304E-01
-9.456983614183E-01
-9.265933195147E-01
-9.079121693393E-01
-8.897766740046E-01
-8.722812702752E-01
-8.554965340056E-01
-8.394731162993E-01
-8.242452662118E-01
-8.098337056256E-01
-7.962478049345E-01
-7.834871036418E-01
-7.715423088148E-01
-7.603958689799E-01
-7.500222111468E-01
-7.403877436982E-01
-7.314507333514E-01
-7.231611957103E-01
-7.154609808207E-01
-7.082842878850E-01
-7.015588872202E-01
-6.952083310235E-01
-6.891553486011E-01
-6.833264018800E-01
-6.776570208253E-01
-6.720971349733E-01
-6.666153525164E-01
-6.612012056579E-01
-6.558648128154E-01
-6.506340866068E-01
-6.455503449277E-01
-6.406633308529E-01
-6.360265764913E-01
-6.316936492368E-01
-6.277154934468E-01
-6.241387726128E-01
-6.210050531702E-01
-6.183505808949E-01
-6.162064745114E-01
-6.145991624061E-01
-6.135509718703E-01
-6.130807874526E-01
-6.132047553281E-01
-6.139370034190E-01
-6.152903911631E-01
-6.172772843665E-01
-6.199103904416E-01
-6.232036647755E-01
-6.271733338642E-01
-6.318390478748E-01
-6.372251873761E-01
-6.433622889382E-01
-6.502885013138E-01
-6.580508553348E-01
-6.667059890274E-01
-6.763198316435E-01
-6.869657511542E-01
-6.987209338405E-01
-7.116613305773E-01
-7.258561593155E-01
-7.413632866721E-01
-7.582265132713E-01
-7.764750501157E-01
-7.961253090944E-01
-8.171833170987E-01
-8.396475707762E-01
-8.635117219304E-01
-8.887666815406E-01
-9.154022066189E-01
-9.434079870160E-01
-9.727743328542E-01
-1.003492588094E+00
-1.035555279087E+00
-1.068956191737E+00
-1.103690077730E+00
-1.139752659514E+00
-1.177139865447E+00
-1.215848101200E+00
-1.255872940876E+00
-1.297209703520E+00
-1.339851828484E+00
-1.383791476252E+00
-1.429018024140E+00
-1.475518384082E+00
-1.523275876427E+00
-1.572270167383E+00
-1.622476441499E+00
-1.673864967179E+00
-1.726400236787E+00
-1.780040008564E+00
-1.834733849390E+00
-1.890421046132E+00
-1.947027422443E+00
-2.004460408935E+00
-2.062601163141E+00
-2.121291516570E+00
-2.180311317062E+00
-2.239336670097E+00
-2.297858187495E+00
-2.355009215156E+00
-2.409098708996E+00
-2.456457385875E+00
-2.488434566006E+00
-2.491639811632E+00
-2.466538971369E+00
-2.426464121263E+00
-2.379696589788E+00
-2.329799472245E+00
-2.278429568729E+00
-2.226457660920E+00
-2.174392417780E+00
-2.122562747540E+00
-2.071189965575E+00
-2.020434089916E+00
-1.970411989401E+00
-1.921215902797E+00
-1.872918576219E+00
-1.825577302538E+00
-1.779240266117E+00
-1.733947436713E+00
-1.689731396496E+00
-1.646620033960E+00
-1.604636461685E+00
-1.563800030755E+00
-1.524126886791E+00
-1.485630455026E+00
-1.448321931864E+00
-1.412210661017E+00
-1.377304461188E+00
-1.343609850472E+00
-1.311132122601E+00
-1.279875232716E+00
-1.249841360834E+00
-1.221030102308E+00
-1.193437088521E+00
-1.167052013869E+00
-1.141856005343E+00
-1.117818716942E+00
-1.094895946297E+00
-1.073029210292E+00
-1.052148686601E+00
-1.032179763575E+00
-1.013051726318E+00
-9.947043298245E-01
-9.770904424382E-01
-9.601757505632E-01
-9.439356989756E-01
-9.283523566942E-01
-9.134118522853E-01
-8.991026296848E-01
-8.854144004939E-01
-8.723375686561E-01
-8.598629256872E-01
-8.479814760319E-01
-8.366843069525E-01
-8.259624532688E-01
-8.158067303352E-01
-8.062075221526E-01
-7.971545184856E-01
-7.886363985560E-01
-7.806404608650E-01
-7.731522002467E-01
-7.661548353984E-01
-7.596287939274E-01
-7.535511686209E-01
-7.478951697199E-01
-7.426296151537E-01
-7.377185257042E-01
-7.331209259764E-01
-7.287909937446E-01
-7.246787435274E-01
-7.207314597968E-01
-7.168960831965E-01
-7.131226609572E-01
-7.093687657019E-01
-7.056044665899E-01
-7.018170799046E-01
-6.980146912011E-01
-6.942275015592E-01
-6.905065142471E-01
-6.869198799500E-01
-6.835476516239E-01
-6.804760718357E-01
-6.777924400131E-01
-6.755810755144E-01
-6.739205675624E-01
-6.728821666663E-01
-6.725290717456E-01
-6.729163080067E-01
-6.740909417373E-01
-6.760924217245E-01
-6.789528964983E-01
-6.826973923210E-01
-6.873437631333E-01
-6.929023316572E-01
-6.993751389419E-01
-7.067547078199E-01
-7.150222109038E-01
-7.241449244802E-01
-7.340728684590E-01
-7.447346300599E-01
-7.560326576871E-01
-7.678390191792E-01
-7.799941336566E-01
-7.923137038879E-01
-8.046124257579E-01
-8.167528363418E-01
-8.287136653736E-01
-8.406392737733E-01
-8.528507904265E-01
-8.657256841836E-01
-8.796303932783E-01
-8.948288401935E-01
-9.114951893810E-01
-9.297115266547E-01
-9.494980006671E-01
-9.708285098332E-01
-9.936475725630E-01
-1.017881733492E+00
-1.043449388782E+00
-1.070268075540E+00
-1.098260009976E+00
-1.127355601436E+00
-1.157495108158E+00
-1.188628877826E+00
-1.220716554876E+00
-1.253725645811E+00
-1.287629801136E+00
-1.322407057459E+00
-1.358038192387E+00
-1.394505269342E+00
-1.431790396922E+00
-1.469874701564E+00
-1.508737499682E+00
-1.548355644841E+00
-1.588703017080E+00
-1.629750117700E+00
-1.671463730837E+00
-1.713806609172E+00
-1.756737132958E+00
-1.800208877777E+00
-1.844170005575E+00
-1.888562362262E+00
-1.933320117747E+00
-1.978367709771E+00
-2.023616731368E+00
-2.068961195963E+00
-2.114270253599E+00
-2.159376777955E+00
-2.204059008670E+00
-2.248010003166E+00
-2.290784709498E+00
-2.331704284730E+00
-2.369678828975E+00
-2.402893471157E+00
-2.428272199285E+00
-2.441458217247E+00
-2.439173373654E+00
-2.422853141385E+00
-2.396805381853E+00
-2.364451290647E+00
-2.327639522237E+00
-2.287238300087E+00
-2.243596863113E+00
-2.196808341417E+00
-2.146850772517E+00
-2.093695724802E+00
-2.037389637151E+00
-1.978135834964E+00
-1.916326236019E+00
-1.852525614005E+00
-1.787385550050E+00
-1.721554820872E+00
-1.655603114568E+00
-1.590007418487E+00
-1.525149364935E+00
-1.461326534929E+00
-1.398768666525E+00
-1.337652571113E+00
-1.278114100809E+00
-1.220257060885E+00
-1.164159933317E+00
-1.109880880122E+00
-1.057461460071E+00
-1.006929482263E+00
-9.583012527468E-01
-9.115833845742E-01
-8.667742973191E-01
-8.238654853627E-01
-7.828426061891E-01
-7.436864229224E-01
-7.063736236508E-01
-6.708775333012E-01
-6.371687298384E-01
-6.052155742495E-01
-5.749846623592E-01
-5.464412054992E-01
-5.195493461102E-01
-4.942724133602E-01
-4.705731227625E-01
-4.484137226299E-01
-4.277560890804E-01
-4.085617703530E-01
-3.907919805439E-01
-3.744075427100E-01
-3.593687818162E-01
-3.456353694456E-01
-3.331661247818E-01
-3.219187803077E-01
-3.118497260355E-01
-3.029137527460E-01
-2.950638222002E-01
-2.882508996246E-01
-2.824238894396E-01
-2.775297172563E-01
-2.735135974777E-01
-2.703195147653E-01
-2.678909287078E-01
-2.661716856988E-01
-2.651070938609E-01
-2.646450910764E-01
-2.647374183687E-01
-2.653407053126E-01
-2.664173823579E-01
-2.679363552783E-01
-2.698734050968E-01
-2.722113071449E-01
-2.749396899333E-01
-2.780546744562E-01
-2.815583458445E-01
-2.854581122192E-01
-2.897660018893E-01
-2.944979421480E-01
-2.996730532375E-01
-3.053129813310E-01
-3.114412856848E-01
-3.180828879248E-01
-3.252635858963E-01
-3.330096305068E-01
-3.413473613172E-01
-3.503028950259E-01
-3.599018601748E-01
-3.701691711846E-01
-3.811288349838E-01
-3.928037839387E-01
-4.052157293785E-01
-4.183850307529E-01
-4.323305762974E-01
-4.470696721433E-01
-4.626179381661E-01
-4.789892108540E-01
-4.961954564808E-01
-5.142467027491E-01
-5.331510051178E-01
-5.529144776156E-01
-5.735414409497E-01
-5.950347795784E-01
-6.173966637528E-01
-6.406298938979E-01
-6.647402657540E-01
-6.897404860154E-01
-7.156560546844E-01
-7.425324473406E-01
-7.704394093716E-01
-7.994615464189E-01
-8.296631568981E-01
-8.610268922298E-01
-8.934094286980E-01
-9.265601609704E-01
-9.601851319745E-01
-9.940155055018E-01
-1.027849240879E+00
-1.061569236529E+00
-1.095131635583E+00
-1.128558578237E+00
-1.161910284167E+00
-1.195270122021E+00
-1.228731823021E+00
-1.262390356044E+00
-1.296336747887E+00
-1.330655185960E+00
-1.365421703667E+00
-1.400703813644E+00
-1.436560647930E+00
-1.473043341065E+00
-1.510195517357E+00
-1.548053798339E+00
-1.586648284828E+00
-1.626002990792E+00
-1.666136212737E+00
-1.707060818053E+00
-1.748784429395E+00
